%% Frame1
Cones=[[ 5.99459559e-02  9.94957328e-01  1.21000000e+02]
 [-3.66470440e-01  8.23632108e-01  9.80000000e+01]
 [-3.67744310e-02  1.39349846e-01  9.80000000e+01]
 [-3.57179433e-01  1.02724528e+00  9.80000000e+01]];
CarCG=[-0.00780119  0.08334713];
CarN=[-0.00914104  0.99994749];

%% Frame2
Cones
[[ 6.26131296e-02  1.03967083e+00  1.21000000e+02]
 [-3.67717958e-01  8.26469455e-01  9.80000000e+01]
 [-3.52594287e-02  1.35466066e-01  9.80000000e+01]
 [-3.67810011e-01  1.06192255e+00  9.80000000e+01]]
CarCG=[-0.00543644  0.09566408];
CarN=[-0.0141957   0.99989539];

%% Frame3
Cones
[[ 6.60898248e-02  1.03957629e+00  1.21000000e+02]
 [-3.62573296e-01  8.60491640e-01  9.80000000e+01]
 [-4.04411200e-02  1.55338101e-01  9.80000000e+01]
 [-4.16871160e-01  1.26250386e+00  9.80000000e+01]]
CarCG
[-0.00791704  0.10318534]
normal
[-0.0133568   0.99990261]

%% Frame4
Cones
[[ 6.69705905e-02  1.05326885e+00  1.21000000e+02]
 [-3.68783612e-01  8.74259858e-01  9.80000000e+01]
 [-3.97554450e-02  1.54301924e-01  9.80000000e+01]
 [-4.28858876e-01  1.30605245e+00  9.80000000e+01]]
CarCG
[-0.0080796   0.10910892]
normal
[-0.01533115  0.99987721]

%% Frame5
Cones
[[ 6.46329835e-02  9.92710253e-01  1.21000000e+02]
 [ 5.06159943e-03  3.89608353e-01  1.21000000e+02]
 [ 4.56408940e-02  1.20428474e+00  1.21000000e+02]
 [ 5.56302328e-02  1.87175357e+00  1.21000000e+02]
 [ 3.10712790e-02  1.51756471e+00  1.21000000e+02]
 [ 6.32836223e-02  2.14642157e+00  1.21000000e+02]
 [-3.23386679e-02  2.34897605e+00  1.21000000e+02]
 [-1.12964977e-01  2.88126409e+00  1.21000000e+02]
 [-1.26568201e-01  2.71014349e+00  1.21000000e+02]
 [-5.23108929e-01  3.34738564e+00  1.21000000e+02]
 [-1.03601668e-01  2.51798475e+00  1.21000000e+02]
 [-3.55161444e-01  8.58783594e-01  9.80000000e+01]
 [-3.89140436e-01  1.11427227e+00  9.80000000e+01]
 [-4.25894507e-01  1.30249768e+00  9.80000000e+01]
 [-2.36644134e-01  6.15670264e-01  9.80000000e+01]
 [-4.77335579e-01  1.66237718e+00  9.80000000e+01]
 [-6.56623319e-02  2.53101140e-01  9.80000000e+01]
 [-1.01326086e-01  4.84572411e-01  9.80000000e+01]
 [-6.57347918e-01  1.38483381e+00  9.80000000e+01]
 [-4.36056884e-01  1.48406381e+00  9.80000000e+01]
 [-9.36289966e-01  2.14900684e+00  9.80000000e+01]
 [-2.56006646e+00  5.23724842e+00  9.80000000e+01]
 [-1.59477365e+00  3.46097791e+00  9.80000000e+01]
 [-4.36607498e-01  1.88775027e+00  9.80000000e+01]
 [-4.38729048e-01  2.26405791e+00  9.80000000e+01]
 [-2.06559253e+00  4.94912052e+00  9.80000000e+01]
 [-1.37321365e+00  3.44280910e+00  9.80000000e+01]
 [-2.82784986e+00  6.10516405e+00  9.80000000e+01]
 [-5.41330397e-01  2.59148788e+00  9.80000000e+01]
 [-1.36245573e+00  2.93655372e+00  9.80000000e+01]
 [-3.82560745e-01  2.06857777e+00  9.80000000e+01]
 [-4.94002342e-01  2.43412852e+00  9.80000000e+01]]
CarCG
[-0.19256626  1.74487066]
normal
[0.08740257 0.9948265 ]

%% Frame6

Cones
[[ 6.44115075e-02  9.89281777e-01  1.21000000e+02]
 [ 5.04218740e-03  3.88357371e-01  1.21000000e+02]
 [ 4.54876892e-02  1.20017831e+00  1.21000000e+02]
 [ 5.56375528e-02  1.86601163e+00  1.21000000e+02]
 [ 3.10346636e-02  1.51268756e+00  1.21000000e+02]
 [ 6.27577496e-02  2.13825451e+00  1.21000000e+02]
 [-4.24329194e-02  2.36701375e+00  1.21000000e+02]
 [-1.25909083e-01  2.70264721e+00  1.21000000e+02]
 [-9.50038172e-02  2.87459147e+00  1.21000000e+02]
 [-5.09947658e-01  3.26559460e+00  1.21000000e+02]
 [ 2.87096930e+00  9.29624271e+00  1.21000000e+02]
 [-3.53915620e-01  8.55762324e-01  9.80000000e+01]
 [-3.88291377e-01  1.11017733e+00  9.80000000e+01]
 [-4.24434414e-01  1.29802176e+00  9.80000000e+01]
 [-2.35811219e-01  6.13490492e-01  9.80000000e+01]
 [-4.75924031e-01  1.65730158e+00  9.80000000e+01]
 [-6.54539838e-02  2.52234906e-01  9.80000000e+01]
 [-1.00963235e-01  4.82813656e-01  9.80000000e+01]
 [-6.55055940e-01  1.38002026e+00  9.80000000e+01]
 [-4.34705936e-01  1.47933510e+00  9.80000000e+01]
 [-9.33522582e-01  2.14258313e+00  9.80000000e+01]
 [-2.55753088e+00  5.23167801e+00  9.80000000e+01]
 [-1.59038216e+00  3.45137370e+00  9.80000000e+01]
 [-4.35328031e-01  1.88223697e+00  9.80000000e+01]
 [-4.57448806e-01  2.33402025e+00  9.80000000e+01]
 [-2.06151366e+00  4.93925571e+00  9.80000000e+01]
 [-1.36995947e+00  3.43444061e+00  9.80000000e+01]
 [-2.81976414e+00  6.08790159e+00  9.80000000e+01]
 [-5.43060780e-01  2.59713411e+00  9.80000000e+01]
 [-1.35951567e+00  2.92975354e+00  9.80000000e+01]
 [-3.81417617e-01  2.06286639e+00  9.80000000e+01]
 [-4.93947461e-01  3.16892278e+00  9.80000000e+01]]
CarCG
[-0.20437907  2.01784086]
normal
[-0.02199948  0.99853337]

%% Frame7
Cones
[[ 6.42558096e-02  9.87469925e-01  1.21000000e+02]
 [ 5.00050839e-03  3.87461305e-01  1.21000000e+02]
 [ 4.53600537e-02  1.19772165e+00  1.21000000e+02]
 [ 5.55918661e-02  1.86220177e+00  1.21000000e+02]
 [ 3.09696425e-02  1.50959025e+00  1.21000000e+02]
 [ 6.27804053e-02  2.13401345e+00  1.21000000e+02]
 [-6.37242064e-02  2.52904778e+00  1.21000000e+02]
 [-5.08138120e-01  3.25621474e+00  1.21000000e+02]
 [ 2.86457777e+00  9.27184677e+00  1.21000000e+02]
 [-3.53248466e-01  8.54188942e-01  9.80000000e+01]
 [-3.87500885e-01  1.10801464e+00  9.80000000e+01]
 [-4.23571004e-01  1.29552656e+00  9.80000000e+01]
 [-2.35298388e-01  6.12203836e-01  9.80000000e+01]
 [-4.74868123e-01  1.65399994e+00  9.80000000e+01]
 [-6.53887615e-02  2.51884639e-01  9.80000000e+01]
 [-1.00813165e-01  4.81878281e-01  9.80000000e+01]
 [-6.53855801e-01  1.37761056e+00  9.80000000e+01]
 [-4.33764853e-01  1.47639810e+00  9.80000000e+01]
 [-9.31726992e-01  2.13872504e+00  9.80000000e+01]
 [-2.54729557e+00  5.22030735e+00  9.80000000e+01]
 [-1.58805913e+00  3.44689906e+00  9.80000000e+01]
 [-4.34357698e-01  1.87851659e+00  9.80000000e+01]
 [-4.58077053e-01  2.33290648e+00  9.80000000e+01]
 [-2.06174302e+00  4.93999052e+00  9.80000000e+01]
 [-1.36765456e+00  3.42925763e+00  9.80000000e+01]
 [-2.82135201e+00  6.09132338e+00  9.80000000e+01]
 [-5.41459322e-01  2.59109735e+00  9.80000000e+01]
 [-1.35678554e+00  2.92430758e+00  9.80000000e+01]
 [-3.80571887e-01  2.05896872e+00  9.80000000e+01]
 [-4.97518856e-01  3.20673078e+00  9.80000000e+01]
 [-5.51281648e-01  2.90865752e+00  9.80000000e+01]
 [-5.41559628e-01  3.07964802e+00  9.80000000e+01]
 [-2.74810719e+00  9.95292282e+00  9.80000000e+01]
 [-1.27642403e+01  2.39460220e+01  9.80000000e+01]]
CarCG
[-0.29069421  3.02195597]
normal
[0.17904316 0.98177797]
